b = 0.1;
d = 0.01;
m = 0.25;
M = 1.5;
l = .2;
g = 9.81;
J = 0.001;
